00905 
00599 
00322
00822 
00386 
00055 
00559 
00566 
00961 
00063 
00128 
00011 
00988 
00366 
00766 
00540 
01185 
00571 
00964 
00856 
00307
00573 
00867 
00921 
00647 
00236
00302
01156 
01213 
00260
00392 
00190
00987 
00187
00671 
01192 
00469 
00936 
01200 
00589 
00003 
01096 
00973 
00786 
00535 
01106 
01211 
01206 
00658 
01083 
00690 
00798 
00614 
00140 
00771 
00401 
00746 
01005 
00499 
00946 
00370 
00526 
00904 
00819 
00969 
00726 
00794 
00069 
01170 
00971 
00411 
00860 
00175
00997 
00959 
01167 
00358 
00665 
00336
00141 
00691 
00875 
00892 
00655 
00956 
00501 
00398 
01026 
00218
00439 
00977 
01122 
00646 
01161 
00525 
00148 
01165 
00443 
00915 
00881 
00989 
00039 
00901 
00205
00758 
01019 
00306
00347
00926 
00211
00624 
01209 
00662 
00874 
00951 
01207 
01148 
01066 
00765 
00320
01155 
01205 
01107 
00680 
00495 
00314
00852 
01201 
00999 
01222 
01044 
01173 
00853 
00830 
01163 
00013 
00382 
00466 
00611 
00944 
00380 
00809 
00572 
00430 
00749 
00568 
01157 
00562 
00960 
01069 
00561 
00807 
00962 
01014 
01135 
00949 
00596 
00529 
00425 
01238 
00748 
01179 
00437 
00895 
01142 
00632 
00394 
00796 
01202 
00586 
01050 
00248
00543 
00126 
00975 
01169 
00124 
01136 
01137 
00207
00265
00333
00812 
01091 
00870 
01172 
00754 
00494 
00404 
00312
00567 
00984 
00038 
00685 
00574 
01171 
00532 
00431 
00355
00301
00722 
00763 
00337
00553 
00375 
00741 
00957 
00144 
00866 
00083 
00122 
01016 
00074 
00530 
00625 
00180
00496 
01115 
00059 
00564 
00435 
00858 
00018 
00185
01178 
01128 
00693 
01002 
00129 
01145 
00139 
00243
00684 
00246
00840 
01151 
00490 
00033 
00536 
00174
00004 
00831 
00968 
00689 
00950 
00755 
00869 
01160 
01175 
01216 
00475 
01212 
00441 
00745 
00676 
01125 
01181 
00489 
00067 
01134 
00982 
00052 
01203 
00914 
01162 
00628 
00451 
00912 
00424 
00455 
01237 
00206
00313
00602 
01159 
01234 
01168 
00998 
00930 
00710 
00576 
00760 
00378 
00815 
00993 
00508 
00767 
00963 
00359 
01180 
00995 
00137 
00810 
00150 
00738 
00770 
01143 
00208
00089 
00397 
01117 
00565 
00527 
00898 
00522 
00235
00965 
00882 
01065 
00151 
00189
00390 
00523 
00793 
00297
00142 
00096 
00584 
00634 
00538 
01120 
00415 
00471 
01177 
00633 
00954 
00085 
00505 
00790 
00877 
00850 
00147 
00502 
00427 
00143 
01076 
00648 
01186 
01233 
00605 
00906 
01039 
00707 
00784 
00751 
01139 
01123 
00740 
00524 
00552 
00541 
00534 
01197 
00788 
01182 
00272
01070 
00597 
00826 
00278
01033 
00201
00785 
00473 
00845 
00343
00062 
01040 
00331
00209
00225
00352
01073 
00650 
00581 
00899 
00890 
00076 
00030 
00498 
01067 
00880 
00797 
01041 
01078 
00305
00247
01146 
01029 
00986 
00694 
00269
00643 
01204 
00548 
01191 
00941 
00582 
01049 
00705 
01158 
00311
01024 
00064 
00515 
00808 
00048 
00697 
00948 
00992 
00031 
01166 
00326
01224 
01114 
00753 
00457 
01228 
00242
00373 
00563 
01093 
00585 
00454 
00001 
00520 
00438 
00967 
00197
00731 
00682 
00027 
01102 
00497 
00985 
00182
00702 
01062 
00061 
00264
00608 
00878 
00321
00653 
00519 
00215
01008 
00649 
01054 
01063 
00556 
01164
00782 
00106 
00920 
00609 
00846 
00547 
00979 
01047 
00266
00212
00050 
01210 
00220
00456 
00153 
00811 
00082 
01052 
00436 
00610 
00783 
00244
00942 
00221
01090 
00350
00159 
00952 
01184 
01183 
01215 
01081 
00164 
00670 
00446 
00803 
00181
00598 
00072 
00453 
01071 
00659 
00460 
01099 
00672 
00935 
00323
00913 
00468 
01077 
01188 
00364 
00127 
00739 
00865 
01198 
00112 
00012 
00616 
00668 
01105 
00919 
00319
00095 
00465 
00238
00251
00286
00483 
00607 
00034 
00588 
00931 
00452 
00223
00486 
00661 
00696 
00669 
00933 
00730 
00612 
00102 
01051 
00093 
00652 
00177
00679 
01042 
01110 
00902 
00176
00422 
00458 
00896 
00188
01199 
00058 
00163 
00022 
01075 
00673 
00098 
00509 
00885 
01103 
01045 
00742 
00348
00304
00268
01003 
00008 
00660 
